# Lines beginning with `#' are comments and are ignored.
# Blank lines are significant: do not add or remove!
# _database_code_amcsd 0009325
#
# sg, abc, angles.
227b	35.1363398 35.1363398 35.1363398    90 90 90
# ctl, extra.
0.25 0.75 0.875	0.5 1.0
# limits.
--

# rad/asf, n, limits, comb.
# rads: (1.6 1) -> (1.088 1.26).
Zr4+	96	--	--
# zooms.
1.6:0-0
# comb, bound.
#0@c1	0	0	0.14784
#1@e1	0.30624	0	0.25

# 2theta, fwhm, hkl, mult, val.
25.59	0.2	0 1 2	6	61.91
35.17	0.2	1 0 4	6	96.62
37.80	0.2	1 1 0	6	44.59
43.38	0.2	1 1 3	12	99.82
46.21	0.2	2 0 2	6	1.46
52.58	0.2	0 2 4	6	50.05
57.54	0.2	1 1 6	12	100.00
59.78	0.2	2 1 1	12	2.60
61.17	0.2	1 2 2	12	3.30
61.35	0.2	0 1 8	6	7.58
66.56	0.2	2 1 4	12	39.66
68.25	0.2	3 0 0	6	61.31
70.46	0.2	1 2 5	12	1.31
74.36	0.2	2 0 8	6	1.52
76.94	0.2	1 0 10	6	17.73
77.30	0.2	1 1 9	12	9.57
80.75	0.2	2 2 0	6	2.29
84.41	0.2	2 2 3	12	1.91
86.41	0.2	3 1 2	12	1.40
86.57	0.2	1 2 8	12	3.00
89.07	0.2	0 2 10	6	8.37

#spectrum
3	0
3.02	0
3.04	0
3.06	0
3.08	0
3.1	0
3.12	0
3.14	0
3.16	0
3.18	0
3.2	0
3.22	0
3.24	0
3.26	0
3.28	0
3.3	0
3.32	0
3.34	0
3.36	0
3.38	0
3.4	0
3.42	0
3.44	0
3.46	0
3.48	0
3.5	0
3.52	0
3.54	0
3.56	0
3.58	0
3.6	0
3.62	0
3.64	0
3.66	0
3.68	0
3.7	0
3.72	0
3.74	0
3.76	0
3.78	0
3.8	0
3.82	0
3.84	0
3.86	0
3.88	0
3.9	0
3.92	0
3.94	0
3.96	0
3.98	0
4	551.632662
4.02	617.660001
4.04	696.330873
4.06	790.923231
4.08	905.651586
4.1	1047.071844
4.12	1222.676469
4.14	1445.108994
4.16	1731.695742
4.18	2108.192058
4.2	2612.99682
4.22	3306.04974
4.24	4285.689408
4.26	5912.958933
4.28	12439.83164
4.3	55752.82946
4.32	218801.9579
4.34	457731.4838
4.36	468279
4.38	233921.7503
4.4	61576.34711
4.42	13438.67074
4.44	6074.983467
4.46	4361.082327
4.48	3358.028709
4.5	2649.990861
4.52	2135.35224
4.54	1752.300018
4.56	1461.03048
4.58	1235.320002
4.6	1056.905703
4.62	914.080608
4.64	797.479137
4.66	701.950221
4.68	622.342791
4.7	0
4.72	0
4.74	0
4.76	0
4.78	0
4.8	0
4.82	0
4.84	0
4.86	0
4.88	0
4.9	0
4.92	0
4.94	0
4.96	0
4.98	0
5	0
5.02	0
5.04	0
5.06	0
5.08	0
5.1	0
5.12	0
5.14	0
5.16	0
5.18	0
5.2	0
5.22	0
5.24	0
5.26	0
5.28	0
5.3	0
5.32	0
5.34	0
5.36	0
5.38	0
5.4	0
5.42	0
5.44	0
5.46	0
5.48	0
5.5	0
5.52	0
5.54	0
5.56	0
5.58	0
5.6	0
5.62	0
5.64	0
5.66	0
5.68	0
5.7	0
5.72	0
5.74	0
5.76	0
5.78	0
5.8	0
5.82	0
5.84	0
5.86	0
5.88	0
5.9	0
5.92	0
5.94	0
5.96	0
5.98	0
6	0
6.02	0
6.04	0
6.06	0
6.08	0
6.1	0
6.12	0
6.14	0
6.16	0
6.18	0
6.2	0
6.22	0
6.24	0
6.26	0
6.28	0
6.3	0
6.32	0
6.34	0
6.36	0
6.38	0
6.4	0
6.42	0
6.44	0
6.46	0
6.48	0
6.5	0
6.52	0
6.54	0
6.56	0
6.58	0
6.6	0
6.62	0
6.64	0
6.66	0
6.68	0
6.7	0
6.72	0
6.74	0
6.76	0
6.78	0
6.8	0
6.82	0
6.84	0
6.86	0
6.88	0
6.9	0
6.92	0
6.94	0
6.96	0
6.98	0
7	0
7.02	0
7.04	0
7.06	0.468279
7.08	1.873116
7.1	3.746232
7.12	3.746232
7.14	1.404837
7.16	0.468279
7.18	0
7.2	0
7.22	0
7.24	0
7.26	0
7.28	0
7.3	0
7.32	0
7.34	0
7.36	0
7.38	0
7.4	0
7.42	0
7.44	0
7.46	0
7.48	0
7.5	0
7.52	0
7.54	0
7.56	0
7.58	0
7.6	0
7.62	0
7.64	0
7.66	0
7.68	0
7.7	0
7.72	0
7.74	0
7.76	0
7.78	0
7.8	0
7.82	0
7.84	0
7.86	0
7.88	0
7.9	0
7.92	0
7.94	0
7.96	0
7.98	248.656149
8	278.157726
8.02	312.810372
8.04	354.487203
8.06	405.061335
8.08	466.874163
8.1	543.671919
8.12	640.605672
8.14	764.699607
8.16	926.724141
8.18	1143.069039
8.2	1438.084809
8.22	1851.575166
8.24	2477.19591
8.26	4245.885693
8.28	15930.3833
8.3	70618.8146
8.32	179743.7431
8.34	224953.2709
8.36	136438.2377
8.38	42052.85904
8.4	9182.014632
8.42	3656.790711
8.44	2688.389739
8.46	2244.461247
8.48	1979.415333
8.5	1841.273028
8.52	1806.620382
8.54	1869.838047
8.56	2039.355045
8.58	2339.521884
8.6	2822.317533
8.62	3737.802978
8.64	8106.377769
8.66	36233.08763
8.68	130722.8925
8.7	246629.9058
8.72	225460.417
8.74	100510.468
8.76	24390.77999
8.78	5799.635415
8.8	3025.08234
8.82	2223.856971
8.84	1719.520488
8.86	1360.818774
8.88	1099.519092
8.9	904.715028
8.92	755.802306
8.94	640.137393
8.96	548.354709
8.98	474.834906
9	415.363473
9.02	365.725899
9.04	324.517347
9.06	0
9.08	0
9.1	0
9.12	0
9.14	0
9.16	0
9.18	0
9.2	0
9.22	0
9.24	0
9.26	0
9.28	0
9.3	0
9.32	0
9.34	0
9.36	0
9.38	0
9.4	0
9.42	0
9.44	0
9.46	0
9.48	0
9.5	0
9.52	0
9.54	0
9.56	0
9.58	0
9.6	0
9.62	0
9.64	0
9.66	0
9.68	0
9.7	102.553101
9.72	114.728355
9.74	129.245004
9.76	146.103048
9.78	167.175603
9.8	192.462669
9.82	223.837362
9.84	263.172798
9.86	313.74693
9.88	380.242548
9.9	467.810721
9.92	588.158424
9.94	755.334027
9.96	1004.926734
9.98	1641.786174
10	5724.242496
10.02	26013.36673
10.04	70135.08239
10.06	93247.46071
10.08	59784.71165
10.1	19226.1309
10.12	4077.305253
10.14	1408.114953
10.16	938.431116
10.18	713.188917
10.2	558.188568
10.22	446.269887
10.24	363.852783
10.26	301.571676
10.28	253.807218
10.3	216.344898
10.32	186.375042
10.34	162.024534
10.36	142.356816
10.38	125.967051
10.4	0
10.42	0
10.44	0
10.46	0
10.48	0
10.5	0
10.52	0
10.54	0
10.56	0
10.58	0
10.6	0
10.62	67.432176
10.64	75.392919
10.66	85.695057
10.68	97.402032
10.7	111.918681
10.72	129.713283
10.74	152.190675
10.76	181.223973
10.78	218.218014
10.8	267.387309
10.82	334.351206
10.84	427.070448
10.86	560.998242
10.88	831.195225
10.9	2318.449329
10.92	10931.50498
10.94	34787.04207
10.96	55688.20696
10.98	42950.54988
11	16287.68018
11.02	3620.264949
11.04	1016.633709
11.06	613.913769
11.08	460.318257
11.1	358.233435
11.12	284.713632
11.14	230.861547
11.16	190.589553
11.18	160.151418
11.2	135.80091
11.22	116.601471
11.24	101.148264
11.26	88.504731
11.28	78.202593
11.3	69.773571
11.32	0
11.34	0
11.36	0
11.38	0
11.4	0
11.42	0
11.44	0
11.46	0
11.48	0
11.5	0
11.52	0
11.54	0
11.56	0
11.58	0
11.6	0
11.62	0
11.64	0
11.66	0
11.68	0
11.7	0
11.72	0
11.74	0
11.76	0
11.78	0
11.8	0
11.82	0
11.84	0
11.86	0
11.88	0
11.9	0
11.92	0
11.94	0
11.96	0
11.98	2.341395
12	2.341395
12.02	2.809674
12.04	3.277953
12.06	3.746232
12.08	4.214511
12.1	4.68279
12.12	5.619348
12.14	7.024185
12.16	8.429022
12.18	10.770417
12.2	13.580091
12.22	17.794602
12.24	25.287066
12.26	59.939712
12.28	278.626005
12.3	979.639668
12.32	1768.221504
12.34	1538.296515
12.36	651.376089
12.38	153.127233
12.4	38.867157
12.42	21.540834
12.44	15.921486
12.46	12.175254
12.48	9.833859
12.5	7.960743
12.52	6.555906
12.54	5.619348
12.56	4.68279
12.58	3.746232
12.6	3.277953
12.62	2.809674
12.64	2.809674
12.66	2.341395
12.68	0
12.7	0
12.72	35.120925
12.74	39.335436
12.76	44.018226
12.78	50.105853
12.8	57.130038
12.82	65.55906
12.84	76.329477
12.86	89.909568
12.88	107.235891
12.9	130.181562
12.92	160.151418
12.94	201.35997
12.96	259.426566
12.98	345.589902
13	568.022427
13.02	1993.931982
13.04	8966.606292
13.06	23709.43405
13.08	30768.2717
13.1	19190.07342
13.12	6014.107197
13.14	1280.743065
13.16	465.937605
13.18	315.620046
13.2	240.227127
13.22	188.248158
13.24	150.317559
13.26	122.689098
13.28	101.616543
13.3	85.695057
13.32	73.051524
13.34	62.749386
13.36	54.788643
13.38	48.232737
13.4	42.613389
13.42	0
13.44	0
13.46	0
13.48	0
13.5	0
13.52	0
13.54	0
13.56	0
13.58	0
13.6	0
13.62	0
13.64	0
13.66	0
13.68	0
13.7	0
13.72	0
13.74	0
13.76	0
13.78	0
13.8	0
13.82	0
13.84	0
13.86	0
13.88	0
13.9	26.223624
13.92	29.501577
13.94	33.247809
13.96	37.930599
13.98	43.549947
14	50.574132
14.02	59.471433
14.04	70.710129
14.06	85.226778
14.08	104.894496
14.1	131.11812
14.12	167.643882
14.14	220.559409
14.16	327.327021
14.18	916.890282
14.2	4292.713593
14.22	13462.55297
14.24	21136.24094
14.26	15925.23223
14.28	5894.696052
14.3	1301.347341
14.32	382.583943
14.34	236.480895
14.36	177.94602
14.38	138.610584
14.4	110.045565
14.42	89.441289
14.44	73.988082
14.46	61.812828
14.48	52.447248
14.5	45.423063
14.52	39.335436
14.54	48.232737
14.56	45.891342
14.58	44.486505
14.6	19.667718
14.62	22.477392
14.64	26.223624
14.66	30.438135
14.68	35.589204
14.7	42.613389
14.72	51.51069
14.74	63.217665
14.76	79.139151
14.78	101.616543
14.8	134.864352
14.82	213.535224
14.84	697.73571
14.86	3192.726222
14.88	8893.554768
14.9	12202.88246
14.92	8028.175176
14.94	2631.72798
14.96	563.807916
14.98	194.804064
15	129.245004
15.02	98.33859
15.04	76.797756
15.06	62.281107
15.08	54.788643
15.1	51.51069
15.12	45.423063
15.14	35.120925
15.16	26.691903
15.18	22.477392
15.2	19.667718
15.22	17.326323
15.24	0
15.26	0
15.28	0
15.3	0
15.32	0
15.34	0
15.36	0
15.38	0
15.4	0
15.42	0
15.44	0
15.46	0
15.48	0
15.5	0
15.52	0
15.54	0
15.56	0
15.58	1.404837
15.6	1.873116
15.62	1.873116
15.64	1.873116
15.66	2.341395
15.68	2.809674
15.7	3.277953
15.72	3.746232
15.74	4.68279
15.76	5.619348
15.78	7.024185
15.8	8.429022
15.82	11.238696
15.84	14.984928
15.86	26.691903
15.88	104.426217
15.9	442.991934
15.92	1046.135286
15.94	1199.262519
15.96	659.805111
15.98	186.375042
16	40.740273
16.02	17.326323
16.04	12.175254
16.06	9.36558
16.08	7.492464
16.1	6.087627
16.12	4.68279
16.14	4.214511
16.16	3.277953
16.18	7.960743
16.2	7.960743
16.22	8.429022
16.24	9.36558
16.26	9.833859
16.28	9.833859
16.3	11.238696
16.32	13.580091
16.34	15.921486
16.36	20.604276
16.38	25.755345
16.4	32.77953
16.42	42.613389
16.44	60.87627
16.46	150.317559
16.48	690.711525
16.5	2317.98105
16.52	3946.187133
16.54	3222.696078
16.56	1284.957576
16.58	298.293723
16.6	88.036452
16.62	58.066596
16.64	52.447248
16.66	86.631615
16.68	287.055027
16.7	717.403428
16.72	916.890282
16.74	569.427264
16.76	183.097089
16.78	45.891342
16.8	21.540834
16.82	16.389765
16.84	13.111812
16.86	10.770417
16.88	4.68279
16.9	3.746232
16.92	3.277953
16.94	2.809674
16.96	2.341395
16.98	1.873116
17	1.873116
17.02	1.404837
17.04	1.404837
17.06	0
17.08	0
17.1	0
17.12	2.341395
17.14	2.809674
17.16	3.277953
17.18	3.277953
17.2	4.214511
17.22	4.68279
17.24	5.619348
17.26	6.555906
17.28	7.960743
17.3	9.36558
17.32	11.706975
17.34	14.984928
17.36	19.667718
17.38	27.628461
17.4	65.090781
17.42	297.825444
17.44	1044.730449
17.46	1873.116
17.48	1609.943202
17.5	671.043807
17.52	156.873465
17.54	41.208552
17.56	23.41395
17.58	17.326323
17.6	13.580091
17.62	10.770417
17.64	8.897301
17.66	7.960743
17.68	7.024185
17.7	6.087627
17.72	5.619348
17.74	5.151069
17.76	5.151069
17.78	5.151069
17.8	5.151069
17.82	2.809674
17.84	3.746232
17.86	4.68279
17.88	5.619348
17.9	7.492464
17.92	10.302138
17.94	22.477392
17.96	101.148264
17.98	373.218363
18	716.935149
18.02	661.209948
18.04	294.547491
18.06	71.646687
18.08	17.794602
18.1	9.833859
18.12	7.024185
18.14	5.619348
18.16	4.214511
18.18	3.277953
18.2	2.809674
18.22	2.341395
18.24	1.873116
18.26	1.873116
18.28	1.404837
18.3	1.404837
18.32	0.936558
18.34	0.936558
18.36	0
18.38	0
18.4	0
18.42	0
18.44	0
18.46	0
18.48	0
18.5	0
18.52	3.277953
18.54	3.277953
18.56	3.746232
18.58	4.214511
18.6	5.151069
18.62	5.619348
18.64	6.555906
18.66	7.960743
18.68	9.36558
18.7	11.238696
18.72	14.04837
18.74	17.794602
18.76	22.945671
18.78	30.438135
18.8	48.232737
18.82	160.151418
18.84	722.554497
18.86	1955.064825
18.88	2589.58287
18.9	1638.9765
18.92	518.853132
18.94	111.918681
18.96	41.208552
18.98	28.09674
19	21.540834
19.02	16.858044
19.04	38.398878
19.06	38.867157
19.08	40.740273
19.1	44.018226
19.12	48.232737
19.14	53.852085
19.16	61.812828
19.18	72.114966
19.2	85.695057
19.22	100.679985
19.24	125.967051
19.26	161.087976
19.28	212.130387
19.3	316.556604
19.32	890.666658
19.34	4120.8552
19.36	12623.86528
19.38	19233.62337
19.4	13991.70824
19.42	5000.283162
19.44	1098.582534
19.46	346.52646
19.48	221.495967
19.5	167.175603
19.52	130.181562
19.54	103.489659
19.56	84.29022
19.58	69.305292
19.6	58.534875
19.62	49.637574
19.64	42.613389
19.66	36.994041
19.68	32.311251
19.7	28.565019
19.72	25.287066
19.74	0
19.76	0
19.78	0
19.8	0
19.82	0
19.84	9.36558
19.86	10.302138
19.88	11.706975
19.9	13.111812
19.92	14.984928
19.94	17.326323
19.96	20.604276
19.98	23.882229
20	28.565019
20.02	35.120925
20.04	43.081668
20.06	54.788643
20.08	70.710129
20.1	94.592358
20.12	163.89765
20.14	611.572374
20.16	2617.211331
20.18	6312.869199
20.2	7377.267366
20.22	4122.260037
20.24	1177.253406
20.26	259.894845
20.28	111.918681
20.3	79.139151
20.32	61.344549
20.34	48.232737
20.36	38.867157
20.38	31.842972
20.4	26.691903
20.42	22.945671
20.44	19.667718
20.46	17.326323
20.48	36.525762
20.5	37.930599
20.52	39.803715
20.54	33.247809
20.56	38.867157
20.58	46.359621
20.6	60.407991
20.62	115.196634
20.64	283.777074
20.66	489.819834
20.68	470.620395
20.7	292.206096
20.72	212.598666
20.74	265.045914
20.76	681.345945
20.78	3121.547814
20.8	9928.451358
20.82	15815.65495
20.84	12020.72193
20.86	4467.38166
20.88	996.497712
20.9	302.976513
20.92	189.652995
20.94	142.825095
20.96	110.982123
20.98	88.504731
21	71.646687
21.02	59.003154
21.04	49.169295
21.06	41.676831
21.08	44.486505
21.1	40.740273
21.12	37.930599
21.14	36.057483
21.16	35.120925
21.18	15.921486
21.2	18.262881
21.22	22.009113
21.24	26.223624
21.26	31.842972
21.28	39.335436
21.3	49.637574
21.32	64.154223
21.34	86.631615
21.36	152.658954
21.38	583.007355
21.4	2451.440565
21.42	5736.41775
21.44	6484.727592
21.46	3505.068315
21.48	975.425157
21.5	218.686293
21.52	98.33859
21.54	81.480546
21.56	66.495618
21.58	56.661759
21.6	50.105853
21.62	46.8279
21.64	44.954784
21.66	45.423063
21.68	48.232737
21.7	52.447248
21.72	59.003154
21.74	69.305292
21.76	84.29022
21.78	98.33859
21.8	147.039606
21.82	418.173147
21.84	1911.514878
21.86	5713.472079
21.88	8461.333251
21.9	5973.835203
21.92	2081.500155
21.94	465.469326
21.96	173.26323
21.98	197.613738
22	442.991934
22.02	767.97756
22.04	700.545384
22.06	327.7953
22.08	101.616543
22.1	44.018226
22.12	31.842972
22.14	26.223624
22.16	22.009113
22.18	18.73116
22.2	16.389765
22.22	14.516649
22.24	2.341395
22.26	16.858044
22.28	18.262881
22.3	20.135997
22.32	22.477392
22.34	25.287066
22.36	29.033298
22.38	32.77953
22.4	38.867157
22.42	46.8279
22.44	57.130038
22.46	71.178408
22.48	90.846126
22.5	118.474587
22.52	164.365929
22.54	351.677529
22.56	1544.384142
22.58	5671.795248
22.6	10809.75244
22.62	9849.780486
22.64	4325.493123
22.66	1045.667007
22.68	292.674375
22.7	176.541183
22.72	140.951979
22.74	119.879424
22.76	107.235891
22.78	100.679985
22.8	98.33859
22.82	109.109007
22.84	116.601471
22.86	129.713283
22.88	149.381001
22.9	178.414299
22.92	220.09113
22.94	285.65019
22.96	464.532768
22.98	1708.750071
23	7089.74406
23.02	16514.79549
23.04	18606.59779
23.06	10047.39422
23.08	2855.097063
23.1	774.065187
23.12	846.180153
23.14	2564.295804
23.16	5705.511336
23.18	6420.573369
23.2	3511.624221
23.22	1033.023474
23.24	281.435679
23.26	153.595512
23.28	117.538029
23.3	94.592358
23.32	78.202593
23.34	65.55906
23.36	55.725201
23.38	24.350508
23.4	21.072555
23.42	18.262881
23.44	16.389765
23.46	14.984928
23.48	13.580091
23.5	13.111812
23.52	4.214511
23.54	4.68279
23.56	6.087627
23.58	7.492464
23.6	9.36558
23.62	12.175254
23.64	17.326323
23.66	37.930599
23.68	168.112161
23.7	601.738515
23.72	1110.757788
23.74	978.70311
23.76	416.300031
23.78	110.513844
23.8	39.335436
23.82	29.501577
23.84	27.628461
23.86	27.628461
23.88	28.565019
23.9	30.906414
23.92	34.652646
23.94	39.803715
23.96	46.8279
23.98	56.661759
24	70.710129
24.02	90.377847
24.04	120.815982
24.06	207.915876
24.08	768.914118
24.1	3246.110028
24.12	7689.14118
24.14	8792.406504
24.16	4797.518355
24.18	1345.833846
24.2	303.444792
24.22	136.737468
24.24	97.870311
24.26	74.92464
24.28	58.534875
24.3	47.296179
24.32	38.398878
24.34	31.842972
24.36	27.160182
24.38	22.945671
24.4	20.135997
24.42	17.326323
24.44	18.73116
24.46	17.326323
24.48	4.214511
24.5	4.68279
24.52	5.619348
24.54	6.555906
24.56	7.492464
24.58	8.897301
24.6	10.770417
24.62	12.643533
24.64	15.921486
24.66	19.667718
24.68	25.287066
24.7	33.716088
24.72	52.915527
24.74	165.770766
24.76	745.031889
24.78	2051.06202
24.8	2761.909542
24.82	1769.158062
24.84	579.261123
24.86	139.547142
24.88	64.622502
24.9	51.978969
24.92	47.296179
24.94	45.891342
24.96	46.359621
24.98	49.637574
25	54.788643
25.02	63.217665
25.04	74.92464
25.06	92.250963
25.08	117.538029
25.1	159.21486
25.12	314.683488
25.14	1314.927432
25.16	4994.663814
25.18	9987.454512
25.2	9551.018484
25.22	4384.964556
25.24	1090.621791
25.26	273.474936
25.28	147.507885
25.3	108.640728
25.32	83.353662
25.34	66.027339
25.36	53.383806
25.38	43.549947
25.4	36.525762
25.42	30.906414
25.44	26.223624
25.46	22.945671
25.48	47.296179
25.5	48.232737
25.52	50.105853
25.54	38.867157
25.56	44.954784
25.58	51.978969
25.6	60.87627
25.62	72.114966
25.64	86.631615
25.66	105.362775
25.68	131.586399
25.7	167.175603
25.72	217.749735
25.74	301.571676
25.76	627.962139
25.78	2703.842946
25.8	10009.9319
25.82	19313.2308
25.84	17792.26061
25.86	7902.676404
25.88	1942.889571
25.9	522.599364
25.92	305.786187
25.94	237.885732
25.96	196.208901
25.98	213.066945
26	202.764807
26.02	201.828249
26.04	210.257271
26.06	228.051873
26.08	258.021729
26.1	304.38135
26.12	386.798454
26.14	731.920077
26.16	2723.510664
26.18	8665.034616
26.2	14582.20806
26.22	11880.23823
26.24	4988.107908
26.26	2000.019609
26.28	4401.354321
26.3	15630.68474
26.32	30706.45887
26.34	29012.69372
26.36	13209.21403
26.38	3314.947041
26.4	882.237636
26.42	499.185414
26.44	373.218363
26.46	291.269538
26.48	232.734663
26.5	189.652995
26.52	157.341744
26.54	132.522957
26.56	94.592358
26.58	81.012267
26.6	70.24185
26.62	61.344549
26.64	53.852085
26.66	47.764458
26.68	0
26.7	0
26.72	0
26.74	0
26.76	0
26.78	0
26.8	0
26.82	0
26.84	40.740273
26.86	45.891342
26.88	51.51069
26.9	59.003154
26.92	67.432176
26.94	78.202593
26.96	108.640728
26.98	127.840167
27	152.658954
27.02	184.970205
27.04	228.988431
27.06	288.928143
27.08	374.154921
27.1	524.940759
27.12	1199.262519
27.14	5211.008712
27.16	17310.86979
27.18	29281.01759
27.2	23637.78736
27.22	9381.033207
27.24	2569.446873
27.26	2696.350482
27.28	7365.560391
27.3	12199.60451
27.32	9889.115922
27.34	3980.3715
27.36	1018.038546
27.38	374.6232
27.4	255.680334
27.42	201.35997
27.44	163.89765
27.46	135.332631
27.48	113.791797
27.5	97.402032
27.52	84.29022
27.54	35.589204
27.56	30.906414
27.58	27.628461
27.6	24.818787
27.62	22.477392
27.64	21.072555
27.66	4.68279
27.68	6.087627
27.7	9.36558
27.72	25.755345
27.74	117.06975
27.76	349.336134
27.78	534.774618
27.8	383.052222
27.82	148.444443
27.84	54.320364
27.86	39.803715
27.88	41.208552
27.9	45.423063
27.92	51.978969
27.94	60.87627
27.96	72.583245
27.98	88.97301
28	111.450402
28.02	143.761653
28.04	193.399227
28.06	338.097438
28.08	1266.694695
28.1	5237.700615
28.12	12040.85793
28.14	13317.85476
28.16	7022.780163
28.18	1923.221853
28.2	447.206445
28.22	213.066945
28.24	153.595512
28.26	117.538029
28.28	92.250963
28.3	74.456361
28.32	60.87627
28.34	50.574132
28.36	42.613389
28.38	36.525762
28.4	31.374693
28.42	27.628461
28.44	24.350508
28.46	21.540834
28.48	0
28.5	0
28.52	0
28.54	0
28.56	0.468279
28.58	0.468279
28.6	0.468279
28.62	0.468279
28.64	0.936558
28.66	4.214511
28.68	16.858044
28.7	89.441289
28.72	96.933753
28.74	85.695057
28.76	81.480546
28.78	88.97301
28.8	102.084822
28.82	143.293374
28.84	167.643882
28.86	198.550296
28.88	239.290569
28.9	293.142654
28.92	366.194178
28.94	468.279
28.96	622.81107
28.98	1057.373982
29	3764.026602
29.02	15252.31531
29.04	34829.65546
29.06	38414.33121
29.08	20354.68329
29.1	6108.231276
29.12	4021.111773
29.14	10187.87792
29.16	17576.38399
29.18	14931.54419
29.2	6268.850973
29.22	1626.332967
29.24	575.046612
29.26	426.602169
29.28	348.399576
29.3	296.420607
29.32	260.363124
29.34	236.949174
29.36	222.432525
29.38	215.876619
29.4	161.556255
29.42	175.604625
29.44	198.082017
29.46	231.329826
29.48	279.094284
29.5	348.867855
29.52	433.158075
29.54	725.364171
29.56	2558.208177
29.58	10870.62871
29.6	26445.58825
29.62	31052.04877
29.64	17356.76114
29.66	4982.48856
29.68	1156.180851
29.7	542.267082
29.72	399.910266
29.74	320.771115
29.76	269.260425
29.78	237.417453
29.8	220.09113
29.82	215.876619
29.84	226.178757
29.86	258.958287
29.88	433.158075
29.9	1570.607766
29.92	5426.417052
29.94	10006.65395
29.96	8813.479059
29.98	3795.401295
30	1082.661048
30.02	1069.549236
30.04	2325.005235
30.06	2918.783007
30.08	1803.810708
30.1	594.71433
30.12	170.921835
30.14	105.362775
30.16	85.226778
30.18	73.519803
30.2	66.027339
30.22	61.344549
30.24	59.003154
30.26	58.534875
30.28	60.407991
30.3	50.574132
30.32	59.003154
30.34	70.24185
30.36	86.631615
30.38	110.045565
30.4	141.888537
30.42	242.568522
30.44	878.959683
30.46	3690.975078
30.48	8679.551265
30.5	9855.868113
30.52	5340.253716
30.54	1511.604612
30.56	375.559758
30.58	197.613738
30.6	158.278302
30.62	139.547142
30.64	131.11812
30.66	132.054678
30.68	141.420258
30.7	161.087976
30.72	195.740622
30.74	284.245353
30.76	827.917272
30.78	3564.071469
30.8	9529.009371
30.82	12459.96763
30.84	7729.413174
30.86	2407.890618
30.88	538.052571
30.9	216.813177
30.92	150.317559
30.94	114.260076
30.96	89.441289
30.98	71.646687
31	60.87627
31.02	51.042411
31.04	44.018226
31.06	38.398878
31.08	34.184367
31.1	30.906414
31.12	28.565019
31.14	26.691903
31.16	7.960743
31.18	9.833859
31.2	12.175254
31.22	15.453207
31.24	20.135997
31.26	27.160182
31.28	51.042411
31.3	203.701365
31.32	804.971601
31.34	1687.209237
31.36	1701.257607
31.38	825.575877
31.4	222.432525
31.42	66.495618
31.44	44.486505
31.46	40.271994
31.48	39.803715
31.5	41.676831
31.52	46.359621
31.54	54.788643
31.56	67.900455
31.58	91.314405
31.6	189.652995
31.62	802.630206
31.64	2821.849254
31.66	5122.97226
31.68	4427.577945
31.7	1844.550981
31.72	438.309144
31.74	124.093935
31.76	73.519803
31.78	54.788643
31.8	42.613389
31.82	33.716088
31.84	44.018226
31.86	41.208552
31.88	39.803715
31.9	39.803715
31.92	41.208552
31.94	44.018226
31.96	47.764458
31.98	53.852085
32	61.812828
32.02	65.55906
32.04	81.948825
32.06	104.426217
32.08	136.269189
32.1	190.121274
32.12	405.061335
32.14	1738.251648
32.16	6184.560753
32.18	11359.98026
32.2	9929.856195
32.22	4183.604586
32.24	1022.721336
32.26	306.254466
32.28	194.335785
32.3	155.936907
32.32	132.522957
32.34	118.942866
32.36	111.450402
32.38	110.045565
32.4	113.791797
32.42	123.625656
32.44	150.785838
32.46	233.202942
32.48	383.052222
32.5	474.834906
32.52	495.907461
32.54	1100.45565
32.56	4669.678188
32.58	12554.09171
32.6	16488.57187
32.62	10278.72405
32.64	3214.735335
32.66	728.173845
32.68	299.230281
32.7	210.257271
32.72	162.492813
32.74	129.713283
32.76	106.767612
32.78	90.377847
32.8	79.139151
32.82	71.646687
32.84	66.495618
32.86	65.090781
32.88	66.963897
32.9	72.583245
32.92	87.099894
32.94	141.888537
32.96	666.829296
32.98	2108.192058
33	3484.464039
33.02	2771.743401
33.04	1109.82123
33.06	319.834557
33.08	168.112161
33.1	157.810023
33.12	168.58044
33.14	190.589553
33.16	225.242199
33.18	277.221168
33.2	353.550645
33.22	487.478439
33.24	1048.94496
33.26	4489.390773
33.28	15585.26168
33.3	27797.50972
33.32	23581.59388
33.34	9679.795209
33.36	2359.189602
33.38	930.470373
33.4	877.554846
33.42	703.823337
33.44	397.100592
33.46	226.178757
33.48	163.89765
33.5	133.927794
33.52	112.855239
33.54	96.933753
33.56	84.758499
33.58	75.861198
33.6	68.837013
33.62	64.154223
33.64	61.344549
33.66	21.072555
33.68	26.223624
33.7	34.184367
33.72	48.232737
33.74	120.815982
33.76	508.082715
33.78	1642.722732
33.8	2699.628435
33.82	2112.874848
33.84	843.370479
33.86	233.202942
33.88	114.728355
33.9	102.084822
33.92	103.489659
33.94	110.513844
33.96	123.625656
33.98	143.293374
34	171.858393
34.02	222.900804
34.04	427.070448
34.06	1402.495605
34.08	3693.316473
34.1	5148.259326
34.12	3699.872379
34.14	2581.153848
34.16	6873.867441
34.18	17776.8074
34.2	23035.11229
34.22	14208.05314
34.24	4432.729014
34.26	1029.277242
34.28	442.055376
34.3	314.683488
34.32	244.441638
34.34	196.208901
34.36	162.024534
34.38	137.674026
34.4	120.815982
34.42	109.577286
34.44	95.997195
34.46	95.060637
34.48	99.275148
34.5	112.855239
34.52	206.04276
34.54	635.454603
34.56	2217.301065
34.58	4111.021341
34.6	3655.854153
34.62	1589.338926
34.64	424.260774
34.66	164.365929
34.68	132.991236
34.7	132.522957
34.72	142.356816
34.74	162.492813
34.76	196.208901
34.78	249.592707
34.8	380.710827
34.82	1163.673315
34.84	4998.410046
34.86	13078.09591
34.88	16669.79584
34.9	10090.47589
34.92	3087.831726
34.94	701.481942
34.96	296.888886
34.98	207.915876
35	159.683139
35.02	125.030493
35.04	100.679985
35.06	82.417104
35.08	68.837013
35.1	58.534875
35.12	50.574132
35.14	44.486505
35.16	39.335436
35.18	36.057483
35.2	33.247809
35.22	6.555906
35.24	8.429022
35.26	11.238696
35.28	42.613389
35.3	88.504731
35.32	291.737817
35.34	682.282503
35.36	817.615134
35.38	489.819834
35.4	182.62881
35.42	92.250963
35.44	87.568173
35.46	99.275148
35.48	117.538029
35.5	144.229932
35.52	182.62881
35.54	238.82229
35.56	356.828598
35.58	996.965991
35.6	4389.179067
35.62	12561.58418
35.64	17706.56555
35.66	11839.02968
35.68	3938.22639
35.7	924.382746
35.72	425.665611
35.74	330.604974
35.76	246.783033
35.78	170.921835
35.8	134.396073
35.82	115.196634
35.84	103.489659
35.86	95.997195
35.88	92.719242
35.9	92.250963
35.92	95.997195
35.94	103.489659
35.96	116.133192
35.98	109.109007
36	141.888537
36.02	194.804064
36.04	389.139849
36.06	1524.248145
36.08	5703.169941
36.1	11407.74472
36.12	10909.96414
36.14	5032.594413
36.16	1304.157015
36.18	389.608128
36.2	253.338939
36.22	217.749735
36.24	203.701365
36.26	205.106202
36.28	221.964246
36.3	260.831403
36.32	413.490357
36.34	1358.477379
36.36	4714.632972
36.38	9073.842183
36.4	8492.707944
36.42	4236.520113
36.44	3273.27021
36.46	7276.587381
36.48	10615.88493
36.5	7509.322044
36.52	2660.292999
36.54	650.90781
36.56	263.172798
36.58	184.033647
36.6	143.293374
36.62	114.728355
36.64	94.124079
36.66	79.139151
36.68	67.900455
36.7	59.471433
36.72	53.383806
36.74	36.057483
36.76	35.589204
36.78	48.232737
36.8	115.196634
36.82	372.281805
36.84	720.681381
36.86	707.569569
36.88	338.097438
36.9	98.33859
36.92	40.271994
36.94	33.716088
36.96	35.120925
36.98	38.867157
37	45.423063
37.02	55.256922
37.04	73.051524
37.06	146.103048
37.08	560.061684
37.1	1781.333316
37.12	2951.562537
37.14	2370.896577
37.16	1131.362064
37.18	1252.178046
37.2	2650.927419
37.22	3149.644554
37.24	1807.088661
37.26	555.378894
37.28	159.683139
37.3	93.6558
37.32	78.670872
37.34	72.114966
37.36	69.305292
37.38	70.710129
37.4	75.392919
37.42	84.29022
37.44	98.806869
37.46	120.347703
37.48	149.84928
37.5	241.631964
37.52	684.155619
37.54	2892.091104
37.56	7730.818011
37.58	10150.4156
37.6	6340.965939
37.62	2013.131421
37.64	493.097787
37.66	236.012616
37.68	189.652995
37.7	173.26323
37.72	171.390114
37.74	184.501926
37.76	219.622851
37.78	384.925338
37.8	1451.196621
37.82	5146.854489
37.84	9697.121532
37.86	8731.061955
37.88	3795.401295
37.9	941.24079
37.92	259.894845
37.94	155.000349
37.96	116.133192
37.98	90.846126
38	73.051524
38.02	60.407991
38.04	51.042411
38.06	44.486505
38.08	39.335436
38.1	36.057483
38.12	34.184367
38.14	33.716088
38.16	34.652646
38.18	37.46232
38.2	39.803715
38.22	60.407991
38.24	177.94602
38.26	689.774967
38.28	1603.387296
38.3	1833.780564
38.32	1012.419198
38.34	319.834557
38.36	119.879424
38.38	96.465474
38.4	100.679985
38.42	113.323518
38.44	134.396073
38.46	166.239045
38.48	231.329826
38.5	550.696104
38.52	2193.418836
38.54	6118.533414
38.56	8586.832023
38.58	5910.617538
38.6	3024.145782
38.62	4611.611592
38.64	8105.90949
38.66	7292.508867
38.68	3215.671893
38.7	843.370479
38.72	280.499121
38.74	183.097089
38.76	145.634769
38.78	121.284261
38.8	105.362775
38.82	95.528916
38.84	90.377847
38.86	90.377847
38.88	95.528916
38.9	100.211706
38.92	134.864352
38.94	334.819485
38.96	1373.930586
38.98	3784.162599
39	5159.966301
39.02	3357.56043
39.04	1103.265324
39.06	270.196983
39.08	125.030493
39.1	100.211706
39.12	91.314405
39.14	90.377847
39.16	96.933753
39.18	119.879424
39.2	253.338939
39.22	982.449342
39.24	2807.800884
39.26	4064.66172
39.28	2851.81911
39.3	1260.607068
39.32	1324.293012
39.34	2135.820519
39.36	1884.822975
39.38	826.980714
39.4	223.837362
39.42	80.543988
39.44	53.383806
39.46	41.208552
39.48	33.247809
39.5	27.160182
39.52	22.477392
39.54	19.199439
39.56	16.389765
39.58	14.04837
39.6	20.604276
39.62	21.540834
39.64	22.945671
39.66	24.818787
39.68	27.628461
39.7	28.09674
39.72	32.77953
39.74	38.398878
39.76	46.359621
39.78	56.19348
39.8	69.773571
39.82	88.504731
39.84	114.728355
39.86	155.936907
39.88	280.9674
39.9	1056.437424
39.92	4118.045526
39.94	8783.977482
39.96	8984.400894
39.98	4400.417763
40	1185.214149
40.02	383.052222
40.04	265.982472
40.06	186.843321
40.08	121.75254
40.1	91.314405
40.12	78.202593
40.14	70.24185
40.16	66.495618
40.18	65.55906
40.2	67.432176
40.22	72.583245
40.24	81.480546
40.26	95.997195
40.28	133.927794
40.3	174.668067
40.32	488.883276
40.34	2045.442672
40.36	5457.323466
40.38	7161.859026
40.4	4481.898309
40.42	1436.679972
40.44	368.535573
40.46	190.589553
40.48	162.961092
40.5	158.278302
40.52	168.58044
40.54	196.67718
40.56	302.976513
40.58	1003.053618
40.6	3884.374305
40.62	8515.185336
40.64	9001.727217
40.66	4554.949833
40.68	1235.320002
40.7	321.239394
40.72	161.087976
40.74	117.538029
40.76	90.377847
40.78	71.646687
40.8	58.066596
40.82	47.764458
40.84	40.271994
40.86	34.652646
40.88	30.438135
40.9	27.160182
40.92	24.818787
40.94	22.945671
40.96	23.41395
40.98	11.706975
41	39.335436
41.02	155.000349
41.04	353.082366
41.06	383.520501
41.08	203.233086
41.1	62.749386
41.12	23.882229
41.14	19.199439
41.16	20.135997
41.18	22.009113
41.2	25.755345
41.22	31.842972
41.24	50.574132
41.26	141.888537
41.28	397.100592
41.3	633.581487
41.32	556.315452
41.34	616.723443
41.36	1613.689434
41.38	2889.28143
41.4	2513.253393
41.42	1061.588493
41.44	262.23624
41.46	81.012267
41.48	50.105853
41.5	38.398878
41.52	30.438135
41.54	25.287066
41.56	21.540834
41.58	18.73116
41.6	17.326323
41.62	22.009113
41.64	24.350508
41.66	40.271994
41.68	129.245004
41.7	333.414648
41.72	448.143003
41.74	290.801259
41.76	103.489659
41.78	36.525762
41.8	27.628461
41.82	29.969856
41.84	35.120925
41.86	43.549947
41.88	58.534875
41.9	119.879424
41.92	490.756392
41.94	1684.399563
41.96	2999.326995
41.98	2546.032923
42	1054.096029
42.02	280.499121
42.04	129.245004
42.06	95.528916
42.08	58.066596
42.1	34.652646
42.12	25.755345
42.14	21.072555
42.16	18.262881
42.18	16.858044
42.2	15.453207
42.22	15.453207
42.24	15.921486
42.26	24.350508
42.28	27.628461
42.3	36.525762
42.32	79.60743
42.34	302.976513
42.36	760.016817
42.38	930.938652
42.4	560.529963
42.42	197.613738
42.44	84.29022
42.46	73.519803
42.48	81.012267
42.5	95.060637
42.52	117.06975
42.54	158.278302
42.56	338.565717
42.58	1257.329115
42.6	3526.14087
42.62	5095.343799
42.64	3780.884646
42.66	2828.873439
42.68	5324.33223
42.7	7735.96908
42.72	5553.320661
42.74	2006.107236
42.76	507.146157
42.78	215.40834
42.8	157.810023
42.82	131.11812
42.84	114.728355
42.86	106.299333
42.88	104.426217
42.9	109.109007
42.92	124.093935
42.94	152.658954
42.96	278.157726
42.98	1086.875559
43	3595.446162
43.02	6181.2828
43.04	5076.14436
43.06	2026.243233
43.08	490.756392
43.1	162.492813
43.12	108.172449
43.14	87.568173
43.16	76.797756
43.18	73.519803
43.2	96.933753
43.22	280.9674
43.24	902.373633
43.26	1612.284597
43.28	1394.066583
43.3	591.904656
43.32	156.873465
43.34	57.598317
43.36	39.803715
43.38	23.41395
43.4	19.667718
43.42	17.326323
43.44	16.389765
43.46	15.921486
43.48	16.389765
43.5	17.326323
43.52	19.667718
43.54	22.945671
43.56	34.184367
43.58	44.018226
43.6	81.012267
43.62	298.293723
43.64	1021.316499
43.66	1843.614423
43.68	1598.236227
43.7	681.814224
43.72	184.970205
43.74	76.797756
43.76	64.622502
43.78	66.027339
43.8	73.988082
43.82	91.782684
43.84	170.921835
43.86	638.732556
43.88	2082.904992
43.9	3574.841886
43.92	2981.064114
43.94	1471.332618
43.96	1292.918319
43.98	1787.889222
44	1416.075696
44.02	573.641775
44.04	162.024534
44.06	71.178408
44.08	52.447248
44.1	43.549947
44.12	37.46232
44.14	34.184367
44.16	32.77953
44.18	36.525762
44.2	39.803715
44.22	48.701016
44.24	98.806869
44.26	373.686642
44.28	1065.334725
44.3	1544.384142
44.32	1076.105142
44.34	382.583943
44.36	106.767612
44.38	59.003154
44.4	54.788643
44.42	57.598317
44.44	65.55906
44.46	85.695057
44.48	192.930948
44.5	687.901851
44.52	1697.511375
44.54	2140.971588
44.56	1521.438471
44.58	1611.348039
44.6	3088.768284
44.62	3573.437049
44.64	2016.877653
44.66	604.07991
44.68	162.492813
44.7	86.631615
44.72	66.495618
44.74	54.788643
44.76	47.296179
44.78	43.549947
44.8	42.14511
44.82	44.954784
44.84	51.042411
44.86	80.543988
44.88	270.665262
44.9	923.446188
44.92	1714.837698
44.94	1535.018562
44.96	666.829296
44.98	174.199788
45	61.344549
45.02	44.954784
45.04	41.208552
45.06	42.14511
45.08	47.764458
45.1	79.60743
45.12	248.656149
45.14	673.853481
45.16	984.790737
45.18	792.796347
45.2	820.893087
45.22	1667.541519
45.24	2184.521535
45.26	1396.876257
45.28	455.167188
45.3	112.38696
45.32	50.105853
45.34	35.589204
45.36	27.628461
45.38	22.009113
45.4	17.794602
45.42	18.73116
45.44	17.326323
45.46	16.389765
45.48	16.389765
45.5	22.945671
45.52	44.954784
45.54	73.988082
45.56	68.368734
45.58	35.589204
45.6	20.135997
45.62	19.667718
45.64	23.41395
45.66	29.501577
45.68	38.867157
45.7	58.534875
45.72	164.365929
45.74	697.73571
45.76	1897.934787
45.78	2545.564644
45.8	1626.332967
45.82	525.409038
45.84	124.562214
45.86	52.915527
45.88	37.46232
45.9	28.565019
45.92	22.945671
45.94	19.199439
45.96	16.389765
45.98	14.516649
46	13.111812
46.02	12.643533
46.04	14.984928
46.06	15.921486
46.08	18.73116
46.1	35.589204
46.12	123.625656
46.14	355.89204
46.16	524.940759
46.18	373.686642
46.2	138.142305
46.22	41.676831
46.24	25.755345
46.26	25.287066
46.28	28.565019
46.3	34.652646
46.32	54.788643
46.34	173.731509
46.36	609.699258
46.38	1215.184005
46.4	1201.603914
46.42	739.88082
46.44	813.868902
46.46	1210.032936
46.48	995.561154
46.5	413.490357
46.52	111.918681
46.54	45.423063
46.56	33.247809
46.58	28.565019
46.6	26.223624
46.62	25.287066
46.64	27.160182
46.66	30.438135
46.68	36.525762
46.7	61.344549
46.72	216.344898
46.74	758.61198
46.76	1458.220806
46.78	1349.580078
46.8	606.889584
46.82	157.341744
46.84	50.105853
46.86	33.716088
46.88	29.501577
46.9	28.09674
46.92	32.311251
46.94	68.368734
46.96	231.798105
46.98	535.711176
47	628.430418
47.02	411.148962
47.04	361.979667
47.06	555.378894
47.08	529.15527
47.1	252.87066
47.12	69.773571
47.14	22.945671
47.16	14.516649
47.18	11.238696
47.2	9.36558
47.22	7.960743
47.24	23.41395
47.26	24.818787
47.28	27.160182
47.3	31.374693
47.32	46.359621
47.34	94.592358
47.36	162.492813
47.38	165.302487
47.4	109.109007
47.42	77.266035
47.44	81.480546
47.46	99.743427
47.48	127.840167
47.5	170.921835
47.52	282.840516
47.54	942.645627
47.56	3780.416367
47.58	8776.485018
47.6	9885.36969
47.62	5334.166089
47.64	1519.097076
47.66	383.98878
47.68	194.335785
47.7	141.888537
47.72	110.045565
47.74	88.036452
47.76	72.583245
47.78	61.812828
47.8	54.320364
47.82	49.169295
47.84	52.447248
47.86	53.383806
47.88	58.066596
47.9	85.695057
47.92	257.55345
47.94	774.533466
47.96	1329.91236
47.98	1101.392208
48	455.635467
48.02	128.776725
48.04	61.812828
48.06	57.130038
48.08	62.281107
48.1	76.797756
48.12	138.142305
48.14	517.916574
48.16	1792.572012
48.18	3304.176624
48.2	2922.997518
48.22	1257.797394
48.24	316.088325
48.26	96.933753
48.28	59.471433
48.3	44.954784
48.32	32.77953
48.34	26.223624
48.36	21.072555
48.38	17.326323
48.4	14.516649
48.42	17.794602
48.44	16.858044
48.46	16.389765
48.48	16.858044
48.5	28.09674
48.52	42.14511
48.54	62.281107
48.56	73.519803
48.58	58.066596
48.6	44.486505
48.62	46.359621
48.64	55.256922
48.66	68.837013
48.68	88.036452
48.7	128.776725
48.72	324.517347
48.74	1172.102337
48.76	2783.918655
48.78	3388.466844
48.8	2551.183992
48.82	3150.581112
48.84	5141.70342
48.86	4680.916884
48.88	2110.533453
48.9	564.744474
48.92	187.3116
48.94	120.815982
48.96	95.528916
48.98	80.075709
49	76.329477
49.02	72.114966
49.04	73.051524
49.06	82.885383
49.08	151.254117
49.1	519.78969
49.12	1411.861185
49.14	1994.86854
49.16	1364.096727
49.18	486.541881
49.2	135.332631
49.22	77.734314
49.24	73.988082
49.26	81.480546
49.28	106.767612
49.3	261.299682
49.32	1034.89659
49.34	2738.027313
49.36	3612.772485
49.38	2319.854166
49.4	910.802655
49.42	548.822988
49.44	449.079561
49.46	234.607779
49.48	87.099894
49.5	44.018226
49.52	32.311251
49.54	25.755345
49.56	21.072555
49.58	18.262881
49.6	15.453207
49.62	13.580091
49.64	11.706975
49.66	10.770417
49.68	9.833859
49.7	2.809674
49.72	2.809674
49.74	3.277953
49.76	3.746232
49.78	3.746232
49.8	4.68279
49.82	6.087627
49.84	7.960743
49.86	12.643533
49.88	39.335436
49.9	161.087976
49.92	398.973708
49.94	483.732207
49.96	280.9674
49.98	84.758499
50	20.604276

# vim:ts=8:sw=8
