# Lines beginning with `#' are comments and are ignored.
# Blank lines are significant: do not add or remove!
# _database_code_amcsd 0009325
#
# sg, abc, angles.
163   23.075 23.075 49.852    90 90 120
# ctl, extra.
0.25 0.75 0.875	0.5 1.0
# limits.
--

# rad/asf, n, limits, comb.
# rads: (1.6 1) -> (1.088 1.26).
Zr4+	24	--	--
# zooms.
1.6:0-0
# comb, bound.
#0@c1	0	0	0.14784
#1@e1	0.30624	0	0.25

# 2theta, fwhm, hkl, mult, val.
25.59	0.2	0 1 2	6	61.91
35.17	0.2	1 0 4	6	96.62
37.80	0.2	1 1 0	6	44.59
43.38	0.2	1 1 3	12	99.82
46.21	0.2	2 0 2	6	1.46
52.58	0.2	0 2 4	6	50.05
57.54	0.2	1 1 6	12	100.00
59.78	0.2	2 1 1	12	2.60
61.17	0.2	1 2 2	12	3.30
61.35	0.2	0 1 8	6	7.58
66.56	0.2	2 1 4	12	39.66
68.25	0.2	3 0 0	6	61.31
70.46	0.2	1 2 5	12	1.31
74.36	0.2	2 0 8	6	1.52
76.94	0.2	1 0 10	6	17.73
77.30	0.2	1 1 9	12	9.57
80.75	0.2	2 2 0	6	2.29
84.41	0.2	2 2 3	12	1.91
86.41	0.2	3 1 2	12	1.40
86.57	0.2	1 2 8	12	3.00
89.07	0.2	0 2 10	6	8.37

#spectrum
3	0
3.01999998	0
3.03999996	0
3.05999994	0
3.07999992	0
3.0999999	0
3.11999989	0
3.1400001	0
3.16000009	0
3.18000007	0
3.20000005	0.002497
3.22000003	0.002794
3.24000001	0.003145
3.25999999	0.003564
3.27999997	0.004068
3.29999995	0.004682
3.31999993	0.005436
3.33999991	0.006375
3.3599999	0.007555
3.38000011	0.009062
3.4000001	0.011087
3.42000008	0.014571
3.44000006	0.024669
3.46000004	0.061162
3.48000002	0.168419
3.5	0.383324
3.51999998	0.643299
3.53999996	0.770332
3.55999994	0.653552
3.57999992	0.395365
3.5999999	0.175896
3.61999989	0.064126
3.6400001	0.025523
3.66000009	0.014816
3.68000007	0.011201
3.70000005	0.009142
3.72000003	0.007616
3.74000001	0.006423
3.75999999	0.005475
3.77999997	0.004713
3.79999995	0.004094
3.81999993	0.003585
3.83999991	0.003163
3.8599999	0.002809
3.88000011	0.00251
3.9000001	0
3.92000008	0
3.94000006	0
3.96000004	0
3.98000002	0
4	0
4.01999998	0
4.03999996	0
4.05999994	0.00143
4.07999992	0.001593
4.0999999	0.001784
4.11999989	0.002011
4.13999987	0.002282
4.15999985	0.002609
4.17999983	0.003008
4.19999981	0.003499
4.21999979	0.004112
4.23999977	0.004884
4.26000023	0.005875
4.28000021	0.007238
4.30000019	0.009796
4.32000017	0.017839
4.34000015	0.046425
4.36000013	0.125153
4.38000011	0.26974
4.4000001	0.427241
4.42000008	0.477979
4.44000006	0.379845
4.46000004	0.217342
4.48000002	0.094704
4.5	0.037862
4.51999998	0.020038
4.53999996	0.01589
4.55999994	0.015219
4.57999992	0.015612
4.5999999	0.016743
4.61999989	0.018798
4.63999987	0.023191
4.65999985	0.037722
4.67999983	0.091113
4.69999981	0.243651
4.71999979	0.536094
4.73999977	0.867861
4.76000023	1
4.78000021	0.817461
4.80000019	0.477037
4.82000017	0.206042
4.84000015	0.074603
4.86000013	0.03082
4.88000011	0.018709
4.9000001	0.014371
4.92000008	0.01177
4.94000006	0.00982
4.96000004	0.00829
4.98000002	0.007074
5	0.006095
5.01999998	0.005299
5.03999996	0.004644
5.05999994	0.0041
5.07999992	0.003644
5.0999999	0
5.11999989	0
5.13999987	0
5.15999985	0
5.17999983	0
5.19999981	0
5.21999979	0
5.23999977	0
5.26000023	0
5.28000021	0
5.30000019	0
5.32000017	0.000401
5.34000015	0.000448
5.36000013	0.000505
5.38000011	0.000572
5.4000001	0.000652
5.42000008	0.000751
5.44000006	0.000871
5.46000004	0.001021
5.48000002	0.00121
5.5	0.00145
5.51999998	0.001771
5.53999996	0.002305
5.55999994	0.003795
5.57999992	0.009172
5.5999999	0.025298
5.61999989	0.058482
5.63999987	0.10002
5.65999985	0.122051
5.67999983	0.1054
5.69999981	0.064789
5.71999979	0.029204
5.73999977	0.010715
5.76000023	0.004239
5.78000021	0.002434
5.80000019	0.001831
5.82000017	0.001492
5.84000015	0.001242
5.86000013	0.001047
5.88000011	0.000892
5.9000001	0.000767
5.92000008	0.000666
5.94000006	0.000583
5.96000004	0.000514
5.98000002	0.000456
6	0.000408
6.01999998	0
6.03999996	0
6.05999994	0
6.07999992	0
6.0999999	0
6.11999989	0
6.13999987	0
6.15999985	0
6.17999983	0
6.19999981	0
6.21999979	0
6.23999977	0
6.26000023	0
6.28000021	0
6.30000019	0
6.32000017	0
6.34000015	0
6.36000013	0
6.38000011	0
6.4000001	0
6.42000008	0
6.44000006	0
6.46000004	0
6.48000002	0
6.5	0
6.51999998	0
6.53999996	0
6.55999994	0.000158
6.57999992	0.000176
6.5999999	0.000197
6.61999989	0.000223
6.63999987	0.000254
6.65999985	0.000291
6.67999983	0.000336
6.69999981	0.000392
6.71999979	0.000463
6.73999977	0.000554
6.76000023	0.000669
6.78000021	0.000838
6.80000019	0.001207
6.82000017	0.002476
6.84000015	0.006744
6.86000013	0.017216
6.88000011	0.033732
6.9000001	0.047619
6.92000008	0.04762
6.94000006	0.033735
6.96000004	0.017222
6.98000002	0.006757
7	0.00251
7.01999998	0.001308
7.03999996	0.001085
7.05999994	0.001115
7.07999992	0.001125
7.0999999	0.000982
7.11999989	0.000727
7.13999987	0.000493
7.15999985	0.000349
7.17999983	0.000276
7.19999981	0.000235
7.21999979	0.000206
7.23999977	0.000183
7.26000023	0.000006
7.28000021	0.000005
7.30000019	0.000611
7.32000017	0.00068
7.34000015	0.000762
7.36000013	0.000859
7.38000011	0.000975
7.4000001	0.001115
7.42000008	0.001287
7.44000006	0.001498
7.46000004	0.001763
7.48000002	0.002099
7.5	0.002531
7.51999998	0.003137
7.53999996	0.004345
7.55999994	0.008297
7.57999992	0.022038
7.5999999	0.058026
7.61999989	0.119794
7.63999987	0.179214
7.65999985	0.19011
7.67999983	0.14267
7.69999981	0.07675
7.71999979	0.031163
7.73999977	0.011309
7.76000023	0.005167
7.78000021	0.003432
7.80000019	0.002709
7.82000017	0.002233
7.84000015	0.001868
7.86000013	0.001581
7.88000011	0.001352
7.9000001	0.001168
7.92000008	0.001017
7.94000006	0.000893
7.96000004	0.00079
7.98000002	0.000703
8	0
8.02000046	0
8.03999996	0
8.06000042	0
8.07999992	0.000205
8.10000038	0.000228
8.11999989	0.000256
8.14000034	0.000288
8.15999985	0.000327
8.18000031	0.000375
8.19999981	0.000432
8.22000027	0.000503
8.23999977	0.000593
8.26000023	0.000706
8.27999973	0.000857
8.30000019	0.001072
8.31999969	0.00148
8.34000015	0.002712
8.35999966	0.006958
8.38000011	0.018364
8.39999962	0.038667
8.42000008	0.059277
8.43999958	0.064493
8.46000004	0.049613
8.47999954	0.027469
8.5	0.011456
8.52000046	0.004293
8.53999996	0.002054
8.56000042	0.001449
8.57999992	0.00123
8.60000038	0.00111
8.61999989	0.00104
8.64000034	0.001009
8.65999985	0.001433
8.68000031	0.001528
8.69999981	0.001681
8.72000027	0.001959
8.73999977	0.002732
8.76000023	0.005419
8.77999973	0.012949
8.80000019	0.028263
8.81999969	0.046423
8.84000015	0.054836
8.85999966	0.046286
8.88000011	0.028594
8.89999962	0.014461
8.92000008	0.009409
8.93999958	0.015108
8.96000004	0.036831
8.97999954	0.077329
9	0.119845
9.02000046	0.132269
9.03999996	0.10334
9.06000042	0.057809
9.07999992	0.024295
9.10000038	0.008988
9.11999989	0.004083
9.14000034	0.002691
9.15999985	0.002129
9.18000031	0.001634
9.19999981	0.00138
9.22000027	0.001182
9.23999977	0.001028
9.26000023	0.000906
9.27999973	0.000812
9.30000019	0.000739
9.31999969	0.000684
9.34000015	0.000647
9.35999966	0.000183
9.38000011	0.000222
9.39999962	0.000283
9.42000008	0.000434
9.43999958	0.000974
9.46000004	0.002682
9.47999954	0.006476
9.5	0.011722
9.52000046	0.01517
9.53999996	0.013872
9.56000042	0.00907
9.57999992	0.004325
9.60000038	0.001684
9.61999989	0.000719
9.64000034	0.000456
9.65999985	0.000385
9.68000031	0.000361
9.69999981	0.000354
9.72000027	0.000362
9.73999977	0.000386
9.76000023	0.000427
9.77999973	0.000508
9.80000019	0.000747
9.81999969	0.001633
9.84000015	0.004362
9.85999966	0.010135
9.88000011	0.017541
9.89999962	0.021762
9.92000008	0.019069
9.93999958	0.011866
9.96000004	0.005442
9.97999954	0.002041
10	0.000843
10.0200005	0.000512
10.04	0.000406
10.0600004	0.000352
10.0799999	0.000316
10.1000004	0.000293
10.1199999	0.000281
10.1400003	0.000279
10.1599998	0.000288
10.1800003	0.000309
10.1999998	0.000361
10.2200003	0.00054
10.2399998	0.001207
10.2600002	0.003064
10.2799997	0.006867
10.3000002	0.011108
10.3199997	0.01281
10.3400002	0.010471
10.3599997	0.006158
10.3800001	0.002795
10.3999996	0.00125
10.4200001	0.000816
10.4399996	0.000724
10.46	0.00066
10.4799995	0.000598
10.5	0.000587
10.5200005	0.000685
10.54	0.00112
10.5600004	0.002723
10.5799999	0.007092
10.6000004	0.014926
10.6199999	0.022932
10.6400003	0.025008
10.6599998	0.019234
10.6800003	0.010596
10.6999998	0.00438
10.7200003	0.001595
10.7399998	0.000717
10.7600002	0.00047
10.7799997	0.000368
10.8000002	0.000303
10.8199997	0.000253
10.8400002	0.000214
10.8599997	0.000183
10.8800001	0.000158
10.8999996	0.000137
10.9200001	0.000121
10.9399996	0.000107
10.96	0.000095
10.9799995	0.000004
11	0.000005
11.0200005	0.000006
11.04	0.000006
11.0600004	0.000007
11.0799999	0.000008
11.1000004	0.000009
11.1199999	0.000011
11.1400003	0.000013
11.1599998	0.000015
11.1800003	0.000047
11.1999998	0.000054
11.2200003	0.000066
11.2399998	0.000094
11.2600002	0.00018
11.2799997	0.000413
11.3000002	0.000846
11.3199997	0.001319
11.3400002	0.001491
11.3599997	0.001266
11.3800001	0.000811
11.3999996	0.000488
11.4200001	0.000431
11.4399996	0.000763
11.46	0.001882
11.4799995	0.004253
11.5	0.00705
11.5200005	0.008435
11.54	0.007212
11.5600004	0.004503
11.5799999	0.002257
11.6000004	0.00126
11.6199999	0.00141
11.6400003	0.002922
11.6599998	0.006288
11.6800003	0.010663
11.6999998	0.013187
11.7200003	0.011751
11.7399998	0.007997
11.7600002	0.005832
11.7799997	0.008302
11.8000002	0.015843
11.8199997	0.02449
11.8400002	0.027277
11.8599997	0.021535
11.8800001	0.012175
11.8999996	0.005189
11.9200001	0.001966
11.9399996	0.000925
11.96	0.000628
11.9799995	0.00051
12	0.000436
12.0200005	0.000382
12.04	0.000342
12.0600004	0.000275
12.0799999	0.000262
12.1000004	0.000261
12.1199999	0.00029
12.1400003	0.000433
12.1599998	0.000956
12.1800003	0.002185
12.1999998	0.00427
12.2200003	0.006015
12.2399998	0.005997
12.2600002	0.004234
12.2799997	0.002163
12.3000002	0.000868
12.3199997	0.00035
12.3400002	0.000202
12.3599997	0.000165
12.3800001	0.000155
12.3999996	0.000157
12.4200001	0.000186
12.4399996	0.000317
12.46	0.000768
12.4799995	0.00183
12.5	0.003399
12.5200005	0.004551
12.54	0.004318
12.5600004	0.002907
12.5799999	0.001405
12.6000004	0.00054
12.6199999	0.000211
12.6400003	0.000117
12.6599998	0.000089
12.6800003	0.000075
12.6999998	0.000067
12.7200003	0.000062
12.7399998	0.000061
12.7600002	0.000099
12.7799997	0.000154
12.8000002	0.000317
12.8199997	0.00064
12.8400002	0.001069
12.8599997	0.001245
12.8800001	0.00105
12.8999996	0.000685
12.9200001	0.000446
12.9399996	0.000327
12.96	0.000317
12.9799995	0.000355
13	0.000431
13.0200005	0.000619
13.04	0.001204
13.0600004	0.002744
13.0799999	0.005582
13.1000004	0.008941
13.1199999	0.011463
13.1400003	0.013178
13.1599998	0.014885
13.1800003	0.015517
13.1999998	0.01372
13.2200003	0.011507
13.2399998	0.012163
13.2600002	0.015024
13.2799997	0.015775
13.3000002	0.012254
13.3199997	0.006942
13.3400002	0.003078
13.3599997	0.00136
13.3800001	0.000848
13.3999996	0.000702
13.4200001	0.000564
13.4399996	0.000427
13.46	0.000297
13.4799995	0.000242
13.5	0.000232
13.5200005	0.000217
13.54	0.000165
13.5600004	0.000167
13.5799999	0.000175
13.6000004	0.000193
13.6199999	0.000187
13.6400003	0.000316
13.6599998	0.000633
13.6800003	0.001367
13.6999998	0.002756
13.7200003	0.004533
13.7399998	0.005623
13.7600002	0.005198
13.7799997	0.004015
13.8000002	0.003695
13.8199997	0.004669
13.8400002	0.005614
13.8599997	0.005097
13.8800001	0.003339
13.8999996	0.001618
13.9200001	0.000651
13.9399996	0.000289
13.96	0.000193
13.9799995	0.000158
14	0.000139
14.0200005	0.000128
14.04	0.00012
14.0600004	0.000117
14.0799999	0.000123
14.1000004	0.000134
14.1199999	0.000249
14.1400003	0.000568
14.1599998	0.001153
14.1800003	0.001775
14.1999998	0.001966
14.2200003	0.001644
14.2399998	0.001288
14.2600002	0.001511
14.2799997	0.002353
14.3000002	0.003104
14.3199997	0.00298
14.3400002	0.00205
14.3599997	0.001028
14.3800001	0.000417
14.3999996	0.000179
14.4200001	0.000111
14.4399996	0.00009
14.46	0.000082
14.4799995	0.000077
14.5	0.000076
14.5200005	0.000079
14.54	0.000078
14.5600004	0.000087
14.5799999	0.000107
14.6000004	0.000171
14.6199999	0.000404
14.6400003	0.001047
14.6599998	0.00222
14.6800003	0.003473
14.6999998	0.003851
14.7200003	0.003015
14.7399998	0.001689
14.7600002	0.000717
14.7799997	0.000288
14.8000002	0.000195
14.8199997	0.000283
14.8400002	0.000491
14.8599997	0.000701
14.8800001	0.000738
14.8999996	0.000574
14.9200001	0.00033
14.9399996	0.000161
14.96	0.000088
14.9799995	0.000072
15	0.000087
15.0200005	0.000127
15.04	0.000169
15.0600004	0.000205
15.0799999	0.000193
15.1000004	0.000151
15.1199999	0.000116
15.1400003	0.000112
15.1599998	0.00016
15.1800003	0.000358
15.1999998	0.000947
15.2200003	0.002126
15.2399998	0.003544
15.2600002	0.004223
15.2799997	0.00362
15.3000002	0.00238
15.3199997	0.00144
15.3400002	0.000982
15.3599997	0.000697
15.3800001	0.000426
15.3999996	0.000219
15.4200001	0.000111
15.4399996	0.000069
15.46	0.000053
15.4799995	0.000045
15.5	0.000039
15.5200005	0.000034
15.54	0.00003
15.5600004	0.000027
15.5799999	0.000024
15.6000004	0.000008
15.6199999	0.000008
15.6400003	0.000026
15.6599998	0.000033
15.6800003	0.000051
15.6999998	0.000092
15.7200003	0.000159
15.7399998	0.000216
15.7600002	0.000228
15.7799997	0.000205
15.8000002	0.000201
15.8199997	0.000228
15.8400002	0.000248
15.8599997	0.000234
15.8800001	0.000232
15.8999996	0.000378
15.9200001	0.000936
15.9399996	0.002156
15.96	0.003743
15.9799995	0.004643
16	0.004081
16.0200005	0.0026
16.0400009	0.001321
16.0599995	0.000701
16.0799999	0.000525
16.1000004	0.000551
16.1200008	0.000683
16.1399994	0.000786
16.1599998	0.000712
16.1800003	0.000482
16.2000008	0.000255
16.2199993	0.000124
16.2399998	0.000075
16.2600002	0.000065
16.2800007	0.000082
16.2999992	0.000155
16.3199997	0.000323
16.3400002	0.000542
16.3600006	0.000694
16.3799992	0.000629
16.3999996	0.000406
16.4200001	0.000193
16.4400005	0.000077
16.4599991	0.000035
16.4799995	0.000025
16.5	0.000026
16.5200005	0.000043
16.5400009	0.000086
16.5599995	0.000152
16.5799999	0.000204
16.6000004	0.000198
16.6200008	0.000139
16.6399994	0.000076
16.6599998	0.000044
16.6800003	0.000045
16.7000008	0.000085
16.7199993	0.00014
16.7399998	0.000195
16.7600002	0.000213
16.7800007	0.00024
16.7999992	0.00035
16.8199997	0.000532
16.8400002	0.000648
16.8600006	0.000583
16.8799992	0.0004
16.8999996	0.000239
16.9200001	0.000159
16.9400005	0.000141
16.9599991	0.000199
16.9799995	0.00042
17	0.00091
17.0200005	0.001611
17.0400009	0.002266
17.0599995	0.002655
17.0799999	0.00269
17.1000004	0.00229
17.1200008	0.001539
17.1399994	0.000806
17.1599998	0.000346
17.1800003	0.000156
17.2000008	0.000095
17.2199993	0.000078
17.2399998	0.000071
17.2600002	0.000067
17.2800007	0.000066
17.2999992	0.000068
17.3199997	0.000072
17.3400002	0.000079
17.3600006	0.000091
17.3799992	0.000117
17.3999996	0.000203
17.4200001	0.000522
17.4400005	0.001316
17.4599991	0.00263
17.4799995	0.003803
17.5	0.003878
17.5200005	0.002795
17.5400009	0.001454
17.5599995	0.000592
17.5799999	0.00024
17.6000004	0.000138
17.6200008	0.000113
17.6399994	0.000108
17.6599998	0.000121
17.6800003	0.000175
17.7000008	0.000322
17.7199993	0.000635
17.7399998	0.001127
17.7600002	0.001671
17.7800007	0.002104
17.7999992	0.002325
17.8199997	0.002221
17.8400002	0.001703
17.8600006	0.001011
17.8799992	0.000466
17.8999996	0.000192
17.9200001	0.000097
17.9400005	0.000072
17.9599991	0.000066
17.9799995	0.000066
18	0.000083
18.0200005	0.000154
18.0400009	0.000329
18.0599995	0.000595
18.0799999	0.000801
18.1000004	0.000776
18.1200008	0.000546
18.1399994	0.000328
18.1599998	0.000275
18.1800003	0.000397
18.2000008	0.000566
18.2199993	0.00065
18.2399998	0.000656
18.2600002	0.000725
18.2800007	0.000891
18.2999992	0.000991
18.3199997	0.000881
18.3400002	0.000612
18.3600006	0.000354
18.3799992	0.000215
18.3999996	0.000196
18.4200001	0.000247
18.4400005	0.000367
18.4599991	0.000702
18.4799995	0.001447
18.5	0.002465
18.5200005	0.003074
18.5400009	0.00272
18.5599995	0.001708
18.5799999	0.000789
18.6000004	0.000302
18.6200008	0.000134
18.6399994	0.000098
18.6599998	0.000115
18.6800003	0.000153
18.7000008	0.000175
18.7199993	0.000154
18.7399998	0.000104
18.7600002	0.000084
18.7800007	0.000061
18.7999992	0.000054
18.8199997	0.000054
18.8400002	0.000056
18.8600006	0.00006
18.8799992	0.000065
18.8999996	0.000074
18.9200001	0.000086
18.9400005	0.000102
18.9599991	0.000121
18.9799995	0.00015
19	0.000195
19.0200005	0.000326
19.0400009	0.000767
19.0599995	0.001993
19.0799999	0.004282
19.1000004	0.006737
19.1200008	0.007542
19.1399994	0.006031
19.1599998	0.003705
19.1800003	0.002377
19.2000008	0.002364
19.2199993	0.002727
19.2399998	0.002545
19.2600002	0.001802
19.2800007	0.00112
19.2999992	0.000927
19.3199997	0.001152
19.3400002	0.001522
19.3600006	0.001913
19.3799992	0.002416
19.3999996	0.002962
19.4200001	0.0031
19.4400005	0.002516
19.4599991	0.001525
19.4799995	0.000753
19.5	0.000359
19.5200005	0.000196
19.5400009	0.000127
19.5599995	0.000097
19.5799999	0.000075
19.6000004	0.000072
19.6200008	0.000076
19.6399994	0.000085
19.6599998	0.000093
19.6800003	0.000092
19.7000008	0.000089
19.7199993	0.000087
19.7399998	0.000101
19.7600002	0.000157
19.7800007	0.000346
19.7999992	0.000895
19.8199997	0.001926
19.8400002	0.003103
19.8600006	0.003659
19.8799992	0.003163
19.8999996	0.002032
19.9200001	0.001
19.9400005	0.000408
19.9599991	0.000169
19.9799995	0.000093
20	0.000068

# vim:ts=8:sw=8
